45.53084746	3.246101695
45.10372881	2.648135593
45.18915254	0
47.32474576	0
46.04338983	0
45.9579661	0
45.61627119	0
45.78711864	0
45.9579661	0
46.12881356	0
45.78711864	0
45.87254237	0
45.18915254	0
45.44542373	0
45.70169492	0
45.53084746	0
45.44542373	0
44.84745763	0
44.93288136	0
45.01830508	0
45.61627119	0
46.12881356	0
45.44542373	0
44.7620339	0
45.27457627	0
44.42033898	0
44.24949153	4.100338983
43.82237288	4.869152542
41.17423729	3.58779661
40.23457627	3.331525424
40.57627119	2.90440678
40.74711864	3.075254237
41.34508475	2.733559322
40.66169492	1.537627119
39.97830508	1.537627119
40.83254237	1.195932203
39.97830508	0.427118644
40.66169492	0.683389831
39.97830508	0.170847458
40.06372881	0.170847458
40.06372881	0.341694915
39.7220339	0
41.08881356	0.341694915
41.34508475	0.170847458
41.08881356	0.427118644
41.68677966	0.768813559
40.74711864	0.085423729
41.43050847	0.341694915
41.85762712	0.085423729
43.13898305	0.768813559
41.77220339	0.341694915
41.25966102	0.256271186
42.28474576	0.170847458
40.57627119	0
39.7220339	0
39.97830508	0.085423729
40.06372881	0.256271186
40.14915254	0.170847458
39.89288136	0.256271186
41.00338983	0.170847458
40.23457627	0
39.80745763	0.085423729
41.08881356	0.256271186
40.66169492	0.085423729
41.43050847	0.085423729
42.45559322	0.341694915
42.88271186	0.768813559
43.99322034	2.477288136
43.48067797	1.537627119
43.13898305	1.45220339
44.07864407	0.854237288
45.78711864	1.195932203
45.53084746	0.427118644
46.04338983	0.854237288
46.12881356	0.854237288
46.12881356	0.597966102
46.38508475	0.939661017
45.10372881	0.427118644
44.84745763	0.341694915
44.7620339	0.170847458
44.93288136	0.341694915
45.10372881	0.341694915
45.18915254	0.427118644
45.27457627	0.597966102
43.90779661	0.085423729
45.10372881	0.854237288
44.84745763	0.939661017
44.50576271	0.512542373
44.84745763	0.854237288
44.24949153	1.025084746
44.1640678	0.939661017
45.01830508	1.537627119
45.10372881	2.391864407
45.70169492	3.075254237
45.27457627	3.58779661
45.01830508	2.90440678
44.24949153	3.075254237
44.42033898	3.929491525
44.07864407	0
43.30983051	0
44.33491525	0
43.73694915	0
43.73694915	0
45.01830508	0
43.82237288	0
43.22440678	0
43.90779661	0
43.56610169	0
43.30983051	0
44.1640678	0
44.1640678	0
43.65152542	0
44.1640678	0
43.48067797	0
43.56610169	0
45.87254237	0
45.9579661	0
45.36	0
46.29966102	0
47.15389831	0
48.52067797	-0.256271186
48.69152542	-0.683389831
49.37491525	0.085423729
48.94779661	0
48.34983051	0
51.25423729	0
50.74169492	0
52.87728814	0
56.80677966	0
57.74644068	0
59.54033898	0
63.46983051	0
66.37423729	0
65.60542373	0
66.37423729	0
66.45966102	0
69.19322034	0
68.42440678	0
70.81627119	0
75.17288136	0.170847458
75.0020339	0
73.54983051	0
72.86644068	0.085423729
72.43932203	0
74.31864407	1.025084746
73.80610169	0.939661017
73.29355932	0.939661017
73.46440678	1.281355932
73.97694915	0.170847458
74.83118644	0.085423729
75.0020339	0.085423729
76.96677966	0.085423729
77.05220339	0.170847458
77.90644068	0.256271186
78.41898305	0.768813559
77.22305085	0.341694915
77.39389831	0.256271186
78.33355932	0.427118644
79.61491525	0.939661017
79.27322034	0.512542373
78.58983051	0.683389831
77.99186441	1.025084746
79.01694915	0.854237288
77.13762712	0.512542373
76.1979661	1.110508475
77.82101695	1.195932203
75.85627119	0.427118644
77.13762712	0.256271186
77.30847458	0.256271186
74.66033898	0.085423729
71.84135593	0
70.98711864	0
70.90169492	0.085423729
68.85152542	0
67.22847458	0
66.20338983	0
65.94711864	0
65.69084746	0.085423729
63.21355932	0
62.95728814	0
61.59050847	0
61.59050847	0.170847458
59.8820339	0.085423729
58.68610169	0.085423729
57.06305085	0
55.61084746	0
55.52542373	0
54.15864407	0
54.15864407	0.085423729
54.07322034	0.256271186
51.33966102	0.256271186
47.41016949	0.512542373
47.15389831	0.768813559
46.64135593	0
46.5559322	-0.427118644
46.5559322	-0.341694915
46.81220339	0
44.93288136	-0.085423729
45.53084746	0
45.87254237	0
45.27457627	0
45.44542373	0
45.53084746	0
45.78711864	0
46.04338983	0
45.53084746	0
45.78711864	0
45.36	0
45.78711864	0
45.44542373	0
45.53084746	0
47.49559322	0
49.28949153	0
48.60610169	0
49.37491525	0
49.8020339	0
51.25423729	-0.256271186
49.8020339	-0.341694915
48.26440678	0.512542373
48.77694915	0.939661017
47.92271186	0
49.37491525	0.341694915
52.79186441	1.110508475
55.35457627	0.768813559
57.23389831	0.085423729
59.19864407	0.085423729
61.16338983	0
61.84677966	0
64.49491525	0.085423729
66.88677966	0.170847458
67.74101695	0
68.93694915	0.170847458
68.93694915	0
68.50983051	0
70.47457627	0.085423729
72.01220339	0.085423729
71.58508475	0
71.07254237	0
72.95186441	0
72.78101695	0
73.46440678	0.085423729
72.78101695	0.256271186
73.20813559	0.597966102
72.18305085	0.256271186
73.20813559	0.085423729
72.78101695	0
73.72067797	0
76.28338983	0.085423729
77.56474576	0.085423729
77.56474576	0.085423729
78.67525424	0
79.35864407	0.085423729
78.24813559	0
77.82101695	0
80.55457627	0.256271186
80.38372881	0.170847458
77.13762712	0.085423729
76.96677966	0.170847458
78.16271186	0.170847458
77.05220339	0
78.07728814	0.256271186
77.30847458	0.512542373
77.47932203	0.427118644
77.82101695	0.085423729
76.71050847	0
76.02711864	0
75.08745763	0
73.89152542	0
74.57491525	0
71.92677966	0
71.07254237	0
71.41423729	0
69.27864407	0
69.3640678	0
67.82644068	0
67.31389831	0
65.34915254	0
63.29898305	0
61.16338983	0
58.60067797	0
57.91728814	0
54.75661017	0
53.64610169	0
51.5959322	0
51.76677966	0
49.88745763	0
49.46033898	0
48.26440678	0.256271186
47.06847458	0.341694915
47.75186441	1.366779661
47.58101695	0
46.81220339	0
46.21423729	0
45.78711864	0
45.78711864	0
45.87254237	0
45.78711864	0
46.29966102	0
46.12881356	0
46.21423729	0
46.04338983	0
46.12881356	0
46.29966102	0
45.78711864	0
45.70169492	0
46.64135593	0
47.06847458	0
46.89762712	0
47.23932203	0
48.94779661	0
49.11864407	-0.085423729
48.00813559	-0.341694915
50.31457627	-0.854237288
50.14372881	-1.025084746
50.48542373	0.341694915
50.14372881	0.256271186
49.71661017	0
49.03322034	0
51.16881356	0
53.73152542	0
55.86711864	0.085423729
57.91728814	0.170847458
58.00271186	0
60.82169492	0
64.75118644	0
66.80135593	0.085423729
65.69084746	0
68.68067797	0
67.99728814	0
68.25355932	0
68.42440678	0
69.9620339	0
71.7559322	0.170847458
70.90169492	0
72.01220339	0
72.52474576	0.341694915
72.95186441	1.110508475
70.98711864	0.597966102
70.47457627	0.854237288
70.38915254	0.939661017
70.98711864	0.256271186
72.69559322	0.170847458
73.54983051	0
73.97694915	0.085423729
74.48949153	0.256271186
74.23322034	0
74.83118644	0
74.66033898	0
75.42915254	0
76.02711864	0.085423729
76.36881356	0
76.02711864	0.085423729
75.77084746	0.085423729
75.25830508	0.170847458
74.74576271	0.170847458
74.91661017	0.256271186
74.91661017	1.110508475
75.25830508	1.366779661
76.62508475	1.793898305
76.28338983	0.768813559
74.66033898	0.256271186
73.63525424	0
72.26847458	0
70.56	0
71.41423729	0
70.04745763	0
68.33898305	0
66.54508475	0
64.83661017	0
64.06779661	0
63.29898305	0
61.93220339	0
61.6759322	0.085423729
60.48	0
57.83186441	0
56.80677966	0
56.29423729	0.085423729
54.8420339	0
54.8420339	0.085423729
53.56067797	1.110508475
51.76677966	1.195932203
50.91254237	0.512542373
47.66644068	0.427118644
48.52067797	0.854237288
48.34983051	1.281355932
48.43525424	1.879322034
48.69152542	0
49.11864407	0
48.77694915	0
48.77694915	0
46.64135593	0
45.53084746	0
45.10372881	0
45.9579661	0
45.70169492	0
45.18915254	0
45.10372881	0
45.44542373	0
45.36	0
45.78711864	0
44.33491525	-0.256271186
44.67661017	-0.256271186
45.78711864	-0.170847458
48.26440678	-0.512542373
47.75186441	-1.110508475
47.66644068	-1.195932203
48.26440678	-0.427118644
48.43525424	-0.683389831
49.97288136	-1.366779661
49.71661017	-1.793898305
48.69152542	0
48.26440678	0
48.52067797	0
47.15389831	0
49.46033898	0
52.45016949	0
53.13355932	0
55.61084746	0
56.55050847	0
58.77152542	0
62.44474576	0
62.95728814	0
63.89694915	0
64.49491525	0
65.52	0
64.75118644	0
66.1179661	0
66.37423729	0
66.7159322	0
67.82644068	0
66.80135593	0
68.59525424	0
69.53491525	0
67.99728814	0
68.33898305	0
67.57016949	0
69.10779661	0
68.85152542	0
69.9620339	0
71.58508475	0
72.43932203	0
73.12271186	0
73.29355932	0
71.7559322	0
73.29355932	0
72.18305085	0
73.46440678	0
73.46440678	0
73.72067797	0
72.61016949	0
74.57491525	0
75.34372881	0
76.53966102	0.085423729
73.97694915	0
72.61016949	0
72.26847458	0
72.18305085	0
71.1579661	0
69.62033898	0
70.13288136	0
70.21830508	0
67.99728814	0
66.54508475	0
65.34915254	0
63.64067797	0
62.53016949	0
61.59050847	0
60.56542373	0
60.39457627	0
58.42983051	0
56.55050847	0
55.18372881	0
54.58576271	0
53.13355932	0.085423729
50.57084746	0.427118644
49.46033898	0.854237288
49.11864407	1.45220339
48.52067797	1.708474576
46.64135593	1.281355932
45.78711864	2.391864407
45.10372881	2.391864407
44.1640678	2.90440678
44.33491525	-0.085423729
43.22440678	-0.170847458
43.13898305	-0.170847458
43.30983051	0
43.22440678	-0.085423729
43.65152542	0
43.13898305	0
43.05355932	0
43.05355932	0
43.39525424	0
43.30983051	0
43.13898305	0
43.39525424	0
43.39525424	0
43.56610169	0
43.30983051	0
42.88271186	0
42.54101695	0
43.05355932	0
44.67661017	0
46.04338983	-0.597966102
46.47050847	-0.683389831
47.49559322	-1.537627119
47.06847458	-2.306440678
45.53084746	0
45.44542373	0
45.36	0
46.5559322	0
49.97288136	0
51.08338983	0
53.47525424	0
54.50033898	0
55.86711864	0
56.55050847	0
58.17355932	0
59.79661017	0
61.59050847	0.085423729
61.93220339	0
63.04271186	0
62.44474576	0
64.58033898	0
63.98237288	0
66.28881356	0
65.09288136	0
64.58033898	0
66.37423729	0
65.17830508	0.085423729
64.9220339	0
64.15322034	0.085423729
63.21355932	0
64.9220339	0
65.60542373	0.085423729
65.77627119	0
67.31389831	0
68.25355932	0
69.44949153	0
70.64542373	0
71.58508475	0.427118644
73.89152542	0.683389831
71.24338983	0.085423729
71.84135593	0.085423729
73.54983051	0.854237288
74.66033898	1.281355932
74.66033898	1.025084746
73.03728814	1.45220339
72.09762712	0.854237288
70.47457627	1.110508475
72.26847458	1.879322034
70.64542373	1.110508475
71.24338983	0.683389831
70.98711864	0.256271186
69.87661017	0.768813559
67.65559322	0.341694915
66.97220339	0.170847458
65.69084746	0.512542373
64.83661017	0.597966102
64.23864407	0.768813559
63.81152542	0.939661017
63.12813559	0.768813559
62.27389831	0.939661017
60.30915254	0.854237288
57.74644068	0.170847458
58.94237288	0.512542373
58.42983051	0.854237288
56.80677966	0.683389831
55.61084746	1.45220339
53.90237288	2.221016949
53.73152542	2.050169492
53.73152542	2.648135593
52.02305085	3.160677966
51.85220339	4.612881356
49.37491525	1.793898305
47.66644068	1.195932203
47.49559322	1.45220339
46.38508475	1.110508475
45.53084746	1.537627119
45.01830508	0
44.67661017	0
45.44542373	0
45.44542373	0
44.84745763	0
45.18915254	0
46.04338983	0
45.53084746	0
45.18915254	0
45.53084746	0
45.87254237	0
45.01830508	0
45.27457627	0
44.93288136	0
44.84745763	0
44.42033898	0
45.27457627	0
44.84745763	0
44.50576271	0
44.7620339	0
44.59118644	0
45.18915254	0
45.36	0
43.48067797	0
41.34508475	4.869152542
39.97830508	4.442033898
40.23457627	3.758644068
39.46576271	3.58779661
39.63661017	3.58779661
39.20949153	3.160677966
39.20949153	2.306440678
40.23457627	1.964745763
39.20949153	0.854237288
39.38033898	0.683389831
39.20949153	0.341694915
39.20949153	0
39.63661017	0.085423729
39.1240678	0.085423729
40.06372881	0.170847458
39.63661017	0.170847458
41.5159322	0.683389831
41.34508475	0.427118644
40.40542373	0.341694915
41.00338983	0.512542373
40.9179661	0.170847458
42.11389831	0.256271186
41.5159322	0.341694915
40.74711864	0.085423729
40.66169492	0.085423729
41.34508475	0.427118644
40.32	0
41.77220339	0.341694915
42.19932203	0.170847458
41.68677966	0.170847458
41.94305085	0.170847458
42.79728814	0
42.11389831	0.170847458
41.85762712	0.256271186
42.71186441	0
42.71186441	0.170847458
43.73694915	0.512542373
43.99322034	0.854237288
43.39525424	0.512542373
43.05355932	0.341694915
43.05355932	0.683389831
44.07864407	0.768813559
43.13898305	0.512542373
44.1640678	1.195932203
43.22440678	0.341694915
45.70169492	1.025084746
46.81220339	0.341694915
46.12881356	0.170847458
47.32474576	0.768813559
47.15389831	0.597966102
46.21423729	0.341694915
46.47050847	0.512542373
47.49559322	1.110508475
47.15389831	1.366779661
46.47050847	1.195932203
47.15389831	2.221016949
47.58101695	1.623050847
46.04338983	1.110508475
46.5559322	1.623050847
47.06847458	2.13559322
46.64135593	2.306440678
45.87254237	1.879322034
46.12881356	2.733559322
45.87254237	2.818983051
45.70169492	2.221016949
44.67661017	2.477288136
45.44542373	3.673220339
45.10372881	3.416949153
45.27457627	4.100338983
46.21423729	5.467118644
45.78711864	5.467118644
45.70169492	5.125423729
46.5559322	0
46.29966102	0
45.70169492	0
45.9579661	0
46.5559322	0
46.38508475	0
46.38508475	0
46.04338983	0
45.18915254	0
45.10372881	0
45.78711864	0
45.27457627	0
45.44542373	0
46.04338983	0
45.27457627	0
45.27457627	0
45.9579661	0
44.93288136	0
45.70169492	0
45.36	0
44.93288136	0
46.29966102	0
44.50576271	0
42.79728814	0
42.54101695	6.150508475
44.33491525	5.125423729
47.23932203	5.381694915
48.00813559	5.723389831
47.49559322	4.954576271
47.83728814	4.356610169
49.54576271	4.783728814
48.26440678	3.331525424
48.00813559	2.221016949
48.00813559	1.964745763
47.41016949	1.366779661
47.92271186	1.708474576
47.06847458	1.45220339
47.92271186	0.768813559
47.92271186	1.025084746
48.43525424	1.281355932
49.03322034	2.391864407
48.09355932	1.366779661
50.82711864	2.477288136
50.31457627	2.818983051
49.88745763	2.050169492
49.37491525	1.964745763
49.63118644	1.793898305
51.42508475	2.306440678
49.11864407	1.537627119
49.97288136	1.964745763
48.86237288	1.45220339
48.94779661	1.879322034
48.86237288	1.708474576
47.23932203	1.537627119
47.06847458	2.050169492
46.04338983	2.306440678
44.93288136	2.13559322
44.7620339	1.964745763
44.93288136	2.989830508
42.79728814	2.90440678
43.05355932	2.989830508
42.45559322	2.989830508
42.02847458	2.391864407
43.13898305	2.90440678
42.45559322	2.391864407
42.88271186	2.733559322
42.37016949	1.879322034
43.56610169	2.13559322
42.37016949	2.050169492
44.67661017	2.733559322
45.10372881	1.366779661
46.47050847	0.512542373
46.47050847	0.854237288
47.23932203	1.45220339
46.04338983	1.366779661
46.89762712	1.537627119
45.87254237	1.195932203
45.78711864	1.793898305
46.21423729	1.623050847
46.64135593	2.13559322
45.10372881	1.281355932
46.12881356	1.879322034
47.58101695	2.562711864
45.9579661	1.537627119
45.10372881	1.281355932
45.44542373	1.708474576
45.53084746	1.793898305
45.01830508	1.281355932
46.29966102	2.13559322
45.36	2.477288136
44.50576271	2.391864407
45.70169492	3.416949153
45.27457627	3.58779661
45.53084746	4.014915254
45.27457627	3.844067797
45.78711864	4.954576271
45.53084746	0
45.53084746	0
46.47050847	0
46.12881356	0
45.9579661	0
46.98305085	0
45.36	0
45.53084746	0
46.12881356	0
45.78711864	0
45.36	0
45.53084746	0
46.04338983	0
46.21423729	0
45.27457627	0
45.70169492	0
45.36	0
45.44542373	0
48.26440678	0
47.58101695	0
47.49559322	0
47.75186441	0
47.23932203	0
45.10372881	0
45.18915254	1.879322034
45.78711864	1.708474576
46.38508475	1.195932203
49.11864407	1.45220339
51.16881356	0.768813559
52.53559322	0.256271186
55.86711864	0.939661017
58.17355932	0.768813559
59.2840678	0.256271186
60.13830508	0.085423729
66.63050847	0.085423729
68.42440678	1.025084746
69.62033898	1.366779661
71.1579661	2.648135593
73.80610169	5.210847458
76.71050847	5.979661017
76.62508475	5.210847458
78.16271186	7.17559322
77.30847458	6.919322034
79.27322034	6.919322034
78.67525424	5.894237288
79.70033898	6.833898305
79.95661017	8.286101695
77.39389831	8.286101695
76.45423729	8.200677966
78.67525424	9.140338983
78.76067797	7.090169492
80.38372881	6.577627119
83.45898305	6.235932203
87.30305085	8.115254237
86.61966102	7.004745763
88.92610169	7.17559322
88.66983051	7.688135593
89.09694915	8.115254237
90.20745763	7.517288136
88.32813559	7.858983051
87.64474576	7.602711864
90.29288136	8.029830508
90.20745763	7.94440678
87.21762712	7.773559322
87.38847458	8.115254237
86.36338983	9.311186441
84.22779661	9.225762712
80.64	9.909152542
78.84610169	10.76338983
81.8359322	11.87389831
83.37355932	10.33627119
83.28813559	8.713220339
81.06711864	8.542372881
80.89627119	9.140338983
78.93152542	8.884067797
77.30847458	9.054915254
77.56474576	11.70305085
75.51457627	14.77830508
75.08745763	14.86372881
73.46440678	16.05966102
73.37898305	14.69288136
71.58508475	12.98440678
71.24338983	14.94915254
68.93694915	15.63254237
67.99728814	18.10983051
66.88677966	20.67254237
66.97220339	21.3559322
64.9220339	19.39118644
61.76135593	18.87864407
61.33423729	20.7579661
59.79661017	22.72271186
60.13830508	22.97898305
60.48	21.3559322
59.96745763	23.14983051
56.37966102	24.26033898
56.6359322	25.11457627
56.55050847	0
56.0379661	0
56.12338983	0
55.95254237	0
56.0379661	0
55.44	0
55.86711864	0
55.95254237	0
54.67118644	0
55.09830508	0
55.18372881	0
54.8420339	0
55.09830508	0
55.01288136	0
54.67118644	0
54.92745763	0
54.67118644	0
54.15864407	0
54.15864407	0
55.35457627	0
57.40474576	0
56.6359322	0
57.40474576	0
54.32949153	0
52.10847458	17.51186441
51.5959322	17.68271186
52.02305085	15.97423729
53.38983051	12.47186441
56.55050847	11.95932203
57.74644068	11.36135593
60.65084746	10.08
63.12813559	8.969491525
64.83661017	7.688135593
67.31389831	7.517288136
69.3640678	7.346440678
71.49966102	7.431864407
75.25830508	6.321355932
74.31864407	5.210847458
77.05220339	4.954576271
79.18779661	4.954576271
80.38372881	5.979661017
79.61491525	4.954576271
81.2379661	4.869152542
82.09220339	4.100338983
82.43389831	3.929491525
82.51932203	3.929491525
82.26305085	4.698305085
81.57966102	5.04
79.52949153	5.552542373
79.52949153	4.954576271
84.05694915	5.210847458
87.55932203	4.954576271
88.84067797	4.612881356
90.03661017	5.381694915
92.59932203	5.808813559
92.59932203	4.869152542
95.24745763	5.04
95.84542373	6.406779661
94.90576271	5.723389831
92.08677966	4.612881356
92.85559322	5.723389831
91.40338983	5.467118644
92.25762712	6.065084746
92.34305085	6.406779661
92.42847458	7.004745763
88.75525424	7.517288136
89.95118644	7.858983051
89.35322034	8.286101695
87.90101695	8.713220339
85.76542373	8.798644068
86.44881356	7.17559322
85.85084746	5.296271186
84.39864407	4.698305085
84.74033898	5.381694915
83.28813559	5.723389831
79.27322034	5.381694915
78.07728814	5.637966102
76.88135593	6.919322034
77.39389831	8.200677966
74.48949153	7.090169492
72.95186441	6.065084746
71.07254237	5.637966102
70.47457627	5.808813559
69.9620339	6.577627119
69.02237288	8.115254237
66.54508475	8.200677966
65.60542373	8.62779661
63.46983051	9.054915254
62.18847458	9.225762712
62.18847458	11.44677966
61.76135593	12.21559322
60.73627119	13.41152542
57.83186441	14.00949153
57.83186441	12.98440678
56.80677966	13.24067797
55.18372881	12.89898305
54.58576271	0
55.01288136	0
54.2440678	0
54.41491525	0
54.07322034	0
54.41491525	0
54.8420339	0
54.75661017	0
53.21898305	0
53.47525424	0
53.47525424	0
54.07322034	0
52.79186441	0
53.64610169	0
53.04813559	0
52.27932203	0
53.30440678	0
53.81694915	0
55.78169492	0
55.44	0
55.35457627	0
56.20881356	0
55.18372881	0
55.69627119	0
55.26915254	15.54711864
54.50033898	15.80338983
54.41491525	13.66779661
55.52542373	11.44677966
60.39457627	8.969491525
61.76135593	7.602711864
63.46983051	6.321355932
66.1179661	6.406779661
68.42440678	5.808813559
70.47457627	5.04
77.56474576	5.637966102
78.24813559	5.381694915
81.15254237	4.954576271
81.57966102	5.125423729
83.11728814	5.296271186
86.36338983	5.894237288
87.04677966	6.065084746
87.64474576	5.637966102
87.21762712	5.552542373
88.15728814	5.637966102
88.92610169	5.979661017
90.03661017	6.321355932
90.72	8.62779661
91.40338983	9.482033898
89.26779661	9.567457627
88.07186441	8.286101695
90.37830508	7.688135593
89.5240678	5.296271186
93.96610169	5.979661017
96.78508475	6.577627119
98.92067797	7.346440678
99.00610169	7.004745763
97.98101695	6.49220339
100.4583051	7.090169492
102.5938983	8.115254237
101.4833898	7.688135593
103.8752542	8.969491525
106.5233898	10.33627119
106.8650847	12.21559322
106.9505085	14.35118644
105.4983051	15.03457627
103.7898305	15.20542373
99.68949153	18.28067797
98.92067797	18.19525424
98.15186441	20.58711864
99.77491525	21.01423729
96.3579661	16.99932203
94.13694915	14.77830508
93.53898305	14.60745763
92.08677966	14.86372881
88.66983051	15.37627119
87.04677966	15.80338983
84.31322034	17.17016949
83.88610169	18.19525424
82.00677966	15.63254237
80.0420339	15.03457627
79.61491525	15.80338983
80.29830508	17.08474576
79.61491525	18.10983051
75.68542373	17.08474576
75.25830508	16.99932203
73.80610169	18.36610169
72.43932203	21.44135593
72.01220339	23.23525424
68.50983051	23.49152542
64.58033898	17.51186441
64.23864407	16.82847458
63.55525424	17.68271186
64.75118644	19.13491525
63.46983051	18.87864407
61.59050847	15.03457627
60.30915254	8.969491525
58.51525424	0
59.19864407	0
58.94237288	0
58.00271186	0
57.74644068	0
57.31932203	0
57.31932203	0
57.74644068	0
57.23389831	0
55.95254237	0
54.50033898	0
55.09830508	0
55.52542373	0
53.81694915	0
53.98779661	0
54.92745763	0
53.98779661	0
53.38983051	0
53.98779661	0
55.69627119	0
56.37966102	0
56.89220339	0
57.83186441	0
56.29423729	0
54.67118644	6.833898305
55.26915254	7.004745763
55.35457627	5.808813559
58.00271186	5.04
61.84677966	5.296271186
64.23864407	5.467118644
66.63050847	4.185762712
70.04745763	4.185762712
75.17288136	5.808813559
76.02711864	4.442033898
84.39864407	5.552542373
88.84067797	7.431864407
99.00610169	12.13016949
104.0461017	14.00949153
100.6291525	11.61762712
96.27254237	8.286101695
99.00610169	10.16542373
100.3728814	11.44677966
103.1918644	11.19050847
101.1416949	11.10508475
101.739661	11.01966102
99.43322034	10.59254237
98.40813559	11.95932203
100.3728814	13.49694915
99.26237288	13.49694915
100.6291525	14.94915254
101.9105085	13.49694915
104.1315254	12.72813559
105.6691525	13.06983051
109.2569492	14.18033898
113.5281356	15.46169492
115.0657627	15.03457627
116.0054237	16.23050847
114.8094915	15.88881356
114.3823729	15.97423729
117.2867797	16.82847458
116.6888136	16.65762712
120.1057627	18.45152542
118.3972881	17.85355932
117.8847458	17.76813559
115.0657627	17.93898305
114.980339	19.13491525
110.7091525	21.09966102
109.4277966	20.84338983
109.3423729	22.46644068
107.6338983	21.78305085
103.7898305	19.04949153
100.0311864	16.40135593
100.7145763	17.34101695
95.67457627	17.25559322
96.3579661	20.41627119
93.45355932	17.85355932
93.53898305	19.73288136
90.72	19.13491525
88.07186441	19.73288136
84.65491525	18.62237288
83.80067797	16.65762712
81.8359322	16.82847458
81.40881356	17.93898305
77.90644068	17.68271186
75.08745763	19.04949153
74.4040678	21.09966102
73.54983051	25.2
70.90169492	24.43118644
70.90169492	19.98915254
67.74101695	14.94915254
66.1179661	23.32067797
66.37423729	25.54169492
62.18847458	16.99932203
61.6759322	16.82847458
59.62576271	16.82847458
58.25898305	9.311186441
57.57559322	0
57.31932203	0
55.86711864	0
56.89220339	0
55.69627119	0
56.72135593	0
55.44	0
55.01288136	0
55.95254237	0
54.67118644	0
55.61084746	0
55.26915254	0
53.73152542	0
54.15864407	0
55.95254237	0
54.50033898	0
54.15864407	0
55.44	0
53.90237288	0
57.74644068	0
57.14847458	0
55.86711864	0
58.51525424	0
57.40474576	0
54.32949153	4.442033898
54.75661017	5.637966102
54.2440678	3.929491525
54.41491525	3.929491525
56.72135593	4.954576271
59.02779661	5.296271186
61.33423729	5.04
63.21355932	3.331525424
65.17830508	2.90440678
68.68067797	3.075254237
73.03728814	2.733559322
73.29355932	3.331525424
71.58508475	1.793898305
73.89152542	4.612881356
74.23322034	3.929491525
79.18779661	5.381694915
79.18779661	4.954576271
79.61491525	4.783728814
80.89627119	5.381694915
81.75050847	5.381694915
81.92135593	5.467118644
83.20271186	6.150508475
81.15254237	6.577627119
81.32338983	7.517288136
80.72542373	8.115254237
80.72542373	8.713220339
79.61491525	5.979661017
81.32338983	6.577627119
80.38372881	4.869152542
83.62983051	6.833898305
82.34847458	5.552542373
85.33830508	6.919322034
84.31322034	5.552542373
85.50915254	5.296271186
87.04677966	7.261016949
84.39864407	6.065084746
84.4840678	7.090169492
82.26305085	6.748474576
84.99661017	8.029830508
81.66508475	6.577627119
82.43389831	8.286101695
80.38372881	7.431864407
80.38372881	8.456949153
81.06711864	9.909152542
79.61491525	8.115254237
80.46915254	8.713220339
77.22305085	5.125423729
73.63525424	2.477288136
73.72067797	3.758644068
70.90169492	2.562711864
71.1579661	4.100338983
70.47457627	3.58779661
69.19322034	3.416949153
71.24338983	5.296271186
68.33898305	4.954576271
68.08271186	5.381694915
66.97220339	5.210847458
66.20338983	4.356610169
66.28881356	5.979661017
62.87186441	5.210847458
64.23864407	6.833898305
60.65084746	4.527457627
61.16338983	5.808813559
60.13830508	5.808813559
56.89220339	5.381694915
58.42983051	6.663050847
54.92745763	3.673220339
55.52542373	4.442033898
52.79186441	1.623050847
52.96271186	1.964745763
52.36474576	2.989830508
51.76677966	1.793898305
50.9979661	0
50.14372881	0
49.97288136	0
50.05830508	0
49.97288136	0
50.22915254	0
50.9979661	0
48.94779661	0
50.57084746	0
48.86237288	0
49.2040678	0
49.97288136	0
48.86237288	0
49.63118644	0
48.69152542	0
48.60610169	0
50.05830508	0
48.77694915	0
49.63118644	0
52.36474576	0
54.41491525	0
52.53559322	0
53.73152542	0
53.73152542	0
51.76677966	0.683389831
52.45016949	1.366779661
49.46033898	0.939661017
48.60610169	0.170847458
48.09355932	0.170847458
48.34983051	0.512542373
48.94779661	0.085423729
50.48542373	1.366779661
50.4	0.085423729
51.51050847	0.256271186
59.96745763	8.029830508
60.48	7.17559322
60.65084746	8.029830508
54.2440678	2.648135593
53.30440678	1.281355932
52.53559322	1.025084746
52.19389831	0.256271186
53.13355932	0.939661017
57.83186441	5.552542373
56.29423729	4.442033898
56.29423729	4.356610169
56.12338983	3.929491525
57.49016949	5.381694915
55.86711864	4.271186441
56.97762712	5.210847458
56.29423729	4.783728814
55.01288136	3.929491525
55.95254237	4.442033898
54.50033898	3.844067797
53.98779661	2.818983051
52.62101695	2.221016949
58.00271186	7.602711864
55.18372881	5.296271186
55.26915254	4.783728814
55.69627119	5.381694915
53.98779661	4.527457627
54.58576271	5.552542373
56.20881356	6.748474576
54.8420339	5.723389831
55.52542373	6.663050847
54.75661017	6.235932203
54.92745763	5.894237288
55.44	7.17559322
54.15864407	5.552542373
54.07322034	3.929491525
53.38983051	1.964745763
54.2440678	0.939661017
55.44	1.366779661
53.73152542	0.427118644
54.75661017	1.793898305
53.90237288	1.708474576
54.32949153	1.964745763
54.8420339	3.160677966
53.98779661	2.648135593
54.67118644	4.100338983
52.62101695	2.13559322
53.30440678	2.90440678
54.2440678	3.758644068
52.87728814	2.733559322
53.81694915	3.58779661
53.64610169	4.356610169
52.10847458	4.356610169
51.33966102	5.723389831
49.11864407	3.075254237
49.37491525	2.818983051
49.63118644	3.246101695
48.94779661	3.246101695
50.48542373	5.04
48.77694915	3.416949153
50.31457627	4.869152542
49.46033898	3.416949153
49.28949153	4.185762712
50.91254237	0
49.03322034	0
49.2040678	0
49.11864407	0
48.69152542	0
50.14372881	0
48.26440678	0
49.54576271	0
49.54576271	0
48.43525424	0
50.4	0
48.86237288	0
49.37491525	0
48.60610169	0
48.60610169	0
49.71661017	0
48.60610169	0
48.86237288	0
49.2040678	0
48.94779661	0
49.97288136	0
48.69152542	0
49.88745763	0
46.89762712	0
45.70169492	3.929491525
44.67661017	4.356610169
43.73694915	2.648135593
43.22440678	2.221016949
45.78711864	3.929491525
43.90779661	1.879322034
43.22440678	1.366779661
43.56610169	2.306440678
44.07864407	2.818983051
45.78711864	4.100338983
43.65152542	2.13559322
44.24949153	2.818983051
43.65152542	1.879322034
43.22440678	0.939661017
45.27457627	2.477288136
44.42033898	0.939661017
46.72677966	2.221016949
44.59118644	0.597966102
44.93288136	0.512542373
46.72677966	1.708474576
45.78711864	0.597966102
48.09355932	1.879322034
46.64135593	0.683389831
47.49559322	1.623050847
45.87254237	0.256271186
47.15389831	0.768813559
46.5559322	0.427118644
47.75186441	0.768813559
48.43525424	1.281355932
47.75186441	0.683389831
48.26440678	1.623050847
48.34983051	0.854237288
49.28949153	1.537627119
46.47050847	0.256271186
49.71661017	2.391864407
47.92271186	1.45220339
50.65627119	3.673220339
48.94779661	2.391864407
49.2040678	2.221016949
50.82711864	3.160677966
49.11864407	2.221016949
50.82711864	3.331525424
49.88745763	2.648135593
50.48542373	3.673220339
48.77694915	1.879322034
51.85220339	3.929491525
50.05830508	1.537627119
52.53559322	2.648135593
51.42508475	2.13559322
51.68135593	2.562711864
52.53559322	3.929491525
51.85220339	2.989830508
52.70644068	4.014915254
51.93762712	3.758644068
53.47525424	5.210847458
53.21898305	4.783728814
54.67118644	6.150508475
53.30440678	5.04
52.10847458	4.356610169
54.41491525	5.894237288
51.76677966	4.356610169
53.21898305	5.381694915
52.02305085	3.58779661
52.53559322	4.442033898
52.10847458	3.758644068
51.85220339	4.442033898
52.27932203	5.467118644
51.68135593	5.808813559
53.64610169	7.602711864
52.10847458	7.090169492
53.30440678	7.94440678
52.27932203	7.17559322
28.53152542	0
52.36474576	0
52.45016949	0
52.62101695	0
51.76677966	0
51.33966102	0
51.68135593	0
50.74169492	0
50.91254237	0
49.97288136	0
47.83728814	2.818983051
47.92271186	2.733559322
47.66644068	2.306440678
50.74169492	2.13559322
0	0
0	0
0	0
0	0
0	0
0	0
0	0
0	0
0	0
0	0
0	0
0	0
0	0
0	0
54.92745763	2.306440678
56.72135593	2.648135593
58.42983051	2.221016949
63.21355932	2.477288136
65.69084746	2.221016949
69.44949153	2.989830508
70.13288136	2.733559322
75.17288136	5.296271186
84.39864407	9.738305085
87.30305085	10.08
86.53423729	8.456949153
89.35322034	9.567457627
90.20745763	8.798644068
91.83050847	9.994576271
92.42847458	9.994576271
92.85559322	9.823728814
92.08677966	9.225762712
92.59932203	9.994576271
94.5640678	11.61762712
91.57423729	10.93423729
93.28271186	11.70305085
94.73491525	12.64271186
97.72474576	12.21559322
99.51864407	11.36135593
101.3979661	12.13016949
101.0562712	12.30101695
103.8752542	13.41152542
105.2420339	12.72813559
103.7898305	10.76338983
107.1213559	12.30101695
108.2318644	12.21559322
109.940339	13.24067797
108.4881356	13.32610169
108.4027119	12.98440678
108.8298305	13.66779661
109.5132203	14.60745763
109.5132203	15.12
106.8650847	14.77830508
103.6189831	14.69288136
104.6440678	14.77830508
97.98101695	12.81355932
99.94576271	16.14508475
94.82033898	10.25084746
93.53898305	9.225762712
88.58440678	7.17559322
88.24271186	8.200677966
84.99661017	7.94440678
82.26305085	6.833898305
82.09220339	8.62779661
77.99186441	7.004745763
78.58983051	8.542372881
76.1979661	6.577627119
75.85627119	7.431864407
72.09762712	5.381694915
73.12271186	7.517288136
69.53491525	6.235932203
69.3640678	8.115254237
68.59525424	8.798644068
66.88677966	8.286101695
67.22847458	10.25084746
65.09288136	5.979661017
65.86169492	8.371525424
62.35932203	7.517288136
63.04271186	8.884067797
61.84677966	9.823728814
57.66101695	8.115254237
59.71118644	9.994576271
58.25898305	8.200677966
57.57559322	0
57.23389831	0
55.44	0
56.6359322	0
55.61084746	0
54.75661017	0
55.78169492	0
53.81694915	0
55.35457627	0
55.35457627	0
53.73152542	0
55.61084746	0
54.32949153	0
54.92745763	0
55.69627119	0
53.81694915	0
54.75661017	0
55.01288136	0
54.8420339	0
58.51525424	0
56.46508475	0
57.40474576	0
57.31932203	0
53.47525424	0
54.92745763	6.577627119
53.81694915	5.210847458
54.58576271	4.954576271
56.46508475	4.698305085
57.31932203	2.90440678
62.53016949	4.185762712
67.82644068	5.552542373
75.51457627	7.431864407
78.24813559	7.517288136
78.58983051	5.979661017
82.09220339	7.090169492
84.65491525	7.090169492
88.58440678	8.029830508
93.11186441	8.969491525
95.84542373	9.652881356
98.92067797	10.84881356
99.26237288	14.43661017
103.1064407	15.03457627
103.8752542	15.7179661
105.4983051	16.3159322
106.0108475	16.65762712
106.0108475	18.9640678
107.4630508	23.40610169
107.3776271	26.05423729
109.5132203	27.07932203
107.8047458	26.31050847
108.0610169	22.72271186
106.1816949	19.73288136
110.3674576	19.81830508
37.41559322	7.517288136
87.55932203	13.24067797
102.7647458	15.12
105.7545763	16.23050847
105.9254237	17.25559322
108.9152542	18.36610169
110.6237288	18.70779661
111.819661	20.58711864
111.819661	21.52677966
113.3572881	24.08949153
109.6840678	23.57694915
111.3925424	26.90847458
107.6338983	27.16474576
104.4732203	27.33559322
103.6189831	26.56677966
102.3376271	28.87322034
102.5084746	29.38576271
97.63932203	25.37084746
96.10169492	20.92881356
93.02644068	21.27050847
91.3179661	21.69762712
90.63457627	22.38101695
86.61966102	22.63728814
85.0820339	23.14983051
84.74033898	26.56677966
82.86101695	25.7979661
81.8359322	25.7979661
79.87118644	23.14983051
78.67525424	19.22033898
75.94169492	8.542372881
75.34372881	10.33627119
72.43932203	10.33627119
71.7559322	10.33627119
69.79118644	8.456949153
67.91186441	8.542372881
65.60542373	9.567457627
63.21355932	9.567457627
61.93220339	10.16542373
61.16338983	7.858983051
60.82169492	7.858983051
59.8820339	8.286101695
60.48	9.054915254
60.05288136	9.396610169
59.45491525	0
58.85694915	0
59.11322034	0
58.42983051	0
57.83186441	0
58.08813559	0
57.66101695	0
56.72135593	0
57.49016949	0
56.97762712	0
56.20881356	0
57.23389831	0
56.97762712	0
56.72135593	0
57.49016949	0
57.91728814	0
56.46508475	0
57.83186441	0
59.02779661	0
59.71118644	0
59.45491525	0
59.19864407	0
59.8820339	0
56.80677966	0
57.31932203	5.552542373
57.57559322	6.150508475
58.17355932	5.979661017
61.0779661	7.17559322
64.23864407	7.517288136
69.10779661	8.371525424
73.89152542	8.542372881
79.52949153	9.482033898
82.43389831	9.567457627
86.2779661	9.140338983
88.41355932	11.70305085
94.30779661	12.55728814
94.39322034	10.93423729
97.98101695	10.84881356
108.2318644	15.88881356
107.8901695	15.63254237
109.5132203	16.57220339
110.1111864	16.65762712
112.0759322	15.80338983
110.5383051	15.63254237
112.1613559	16.57220339
111.2216949	17.42644068
111.9905085	18.70779661
111.2216949	20.41627119
108.0610169	18.36610169
108.1464407	16.05966102
114.4677966	16.3159322
111.9050847	18.36610169
112.4176271	19.73288136
123.0955932	22.63728814
125.2311864	23.23525424
124.2061017	22.29559322
127.1105085	22.12474576
126.1708475	21.78305085
124.8894915	21.44135593
127.5376271	22.63728814
128.3064407	23.14983051
124.6332203	23.06440678
124.0352542	23.91864407
120.1057627	23.32067797
116.1762712	23.83322034
115.7491525	28.01898305
110.4528814	26.82305085
109.5132203	29.98372881
107.2067797	29.38576271
104.3023729	24.0040678
101.739661	19.81830508
96.44338983	14.77830508
96.3579661	15.7179661
92.94101695	13.41152542
92.68474576	17.85355932
88.15728814	16.40135593
89.35322034	19.64745763
85.59457627	19.04949153
85.16745763	21.27050847
83.03186441	19.22033898
84.74033898	22.38101695
81.15254237	21.44135593
82.77559322	23.06440678
79.70033898	19.30576271
78.16271186	19.90372881
74.57491525	18.53694915
76.96677966	24.43118644
72.78101695	23.40610169
74.74576271	23.14983051
71.58508475	20.58711864
71.24338983	25.37084746
69.70576271	24.0040678
68.42440678	20.50169492
66.45966102	19.04949153
63.38440678	19.39118644
63.55525424	21.01423729
62.18847458	0
63.64067797	0
63.55525424	0
62.70101695	0
63.21355932	0
61.59050847	0
61.6759322	0
59.02779661	0
60.13830508	0
61.93220339	0
59.02779661	0
59.79661017	0
59.02779661	0
60.65084746	0
59.45491525	0
59.79661017	0
60.48	0
57.91728814	0
59.96745763	0
62.70101695	0
63.12813559	0
62.70101695	0
62.18847458	0
63.12813559	0
58.77152542	25.45627119
59.62576271	26.48135593
59.96745763	25.45627119
59.8820339	22.97898305
65.69084746	23.23525424
66.28881356	18.79322034
68.25355932	19.04949153
68.76610169	15.20542373
73.72067797	14.86372881
78.84610169	19.22033898
78.41898305	17.59728814
82.43389831	19.04949153
81.66508475	16.40135593
85.42372881	17.76813559
87.81559322	16.74305085
87.98644068	14.60745763
91.40338983	16.3159322
92.34305085	14.18033898
96.44338983	15.29084746
97.72474576	15.29084746
95.84542373	13.83864407
94.64949153	12.98440678
96.87050847	16.65762712
97.98101695	18.70779661
97.29762712	18.62237288
98.92067797	18.36610169
98.49355932	16.74305085
101.4833898	16.23050847
103.6189831	15.03457627
106.9505085	16.40135593
110.4528814	16.65762712
112.759322	16.05966102
106.5233898	14.18033898
109.5986441	15.63254237
107.3776271	15.88881356
108.4027119	16.23050847
108.1464407	15.7179661
105.3274576	14.5220339
105.3274576	15.7179661
101.8250847	15.12
101.1416949	16.48677966
100.8854237	17.93898305
96.27254237	16.23050847
99.26237288	20.24542373
95.67457627	19.64745763
95.50372881	17.34101695
93.88067797	16.14508475
90.1220339	14.77830508
89.09694915	15.97423729
85.25288136	14.35118644
85.93627119	18.28067797
81.32338983	13.41152542
82.09220339	16.3159322
79.18779661	15.7179661
79.52949153	18.36610169
78.50440678	18.62237288
77.73559322	16.14508475
76.88135593	17.59728814
74.23322034	15.80338983
74.23322034	18.53694915
70.90169492	19.04949153
70.90169492	22.97898305
68.85152542	18.87864407
67.48474576	17.17016949
67.91186441	20.33084746
65.52	17.76813559
65.17830508	20.24542373
64.06779661	22.46644068
63.81152542	22.63728814
64.75118644	27.16474576
62.87186441	26.31050847
62.95728814	26.05423729
59.8820339	0
57.49016949	0
56.80677966	0
56.97762712	0
58.85694915	0
57.23389831	0
58.85694915	0
57.57559322	0
58.17355932	0
58.60067797	0
58.51525424	0
58.94237288	0
56.80677966	0
57.66101695	0
57.91728814	0
57.23389831	0
58.60067797	0
56.37966102	0
57.49016949	0
61.41966102	0
59.45491525	0
59.96745763	0
61.24881356	0
59.71118644	0
60.56542373	21.61220339
58.25898305	20.67254237
55.35457627	18.70779661
56.37966102	19.5620339
57.91728814	17.08474576
62.95728814	16.48677966
64.40949153	14.86372881
68.33898305	12.98440678
74.74576271	16.57220339
74.91661017	14.18033898
76.11254237	14.00949153
78.07728814	13.24067797
77.65016949	10.76338983
82.69016949	13.41152542
83.88610169	11.70305085
86.70508475	12.13016949
88.24271186	12.13016949
87.55932203	11.01966102
89.69491525	11.87389831
89.5240678	14.86372881
90.63457627	15.46169492
91.74508475	18.36610169
90.54915254	21.01423729
91.40338983	18.9640678
91.65966102	18.70779661
92.68474576	20.24542373
91.9159322	16.48677966
95.1620339	16.14508475
95.33288136	15.88881356
97.29762712	16.23050847
100.5437288	18.79322034
100.8	18.62237288
100.2020339	17.34101695
101.739661	18.02440678
101.9105085	19.39118644
101.9105085	18.19525424
103.2772881	18.62237288
104.4732203	20.84338983
101.3979661	20.50169492
100.2020339	21.3559322
100.8854237	24.77288136
98.23728814	24.0040678
99.51864407	26.99389831
95.33288136	24.17491525
97.21220339	24.85830508
95.33288136	21.44135593
94.99118644	20.16
90.29288136	17.93898305
87.90101695	16.05966102
87.04677966	17.93898305
86.8759322	19.39118644
85.25288136	18.70779661
82.86101695	19.64745763
81.8359322	20.58711864
78.76067797	21.09966102
80.0420339	22.46644068
78.84610169	21.95389831
76.62508475	20.33084746
76.11254237	21.44135593
74.23322034	19.39118644
74.06237288	23.57694915
71.84135593	24.51661017
71.67050847	24.0040678
67.74101695	20.50169492
65.52	17.93898305
66.80135593	21.27050847
64.66576271	23.23525424
63.98237288	22.89355932
59.8820339	22.12474576
58.17355932	18.19525424
57.23389831	18.53694915
56.20881356	19.04949153
57.23389831	0
55.95254237	0
57.57559322	0
57.06305085	0
57.66101695	0
57.40474576	0
55.52542373	0
56.80677966	0
55.61084746	0
55.61084746	0
55.44	0
55.35457627	0
55.35457627	0
55.26915254	0
55.26915254	0
55.09830508	0
54.2440678	0
55.09830508	0
54.75661017	0
56.0379661	0
58.94237288	0
56.89220339	0
59.2840678	0
58.85694915	0
58.08813559	21.44135593
57.23389831	20.58711864
55.61084746	19.04949153
55.26915254	18.19525424
54.58576271	16.23050847
55.86711864	15.97423729
55.35457627	13.9240678
56.37966102	14.60745763
55.61084746	12.38644068
56.20881356	10.84881356
57.83186441	11.2759322
56.20881356	8.713220339
56.29423729	8.798644068
54.8420339	7.261016949
54.2440678	6.406779661
54.2440678	6.235932203
53.98779661	5.381694915
54.15864407	5.637966102
54.92745763	5.979661017
54.2440678	6.748474576
55.61084746	9.054915254
56.20881356	8.884067797
58.42983051	11.19050847
57.14847458	9.567457627
56.72135593	9.909152542
54.2440678	8.62779661
54.58576271	10.25084746
63.46983051	17.85355932
62.95728814	17.42644068
61.24881356	15.80338983
58.34440678	12.55728814
57.31932203	12.21559322
56.72135593	11.95932203
54.07322034	9.738305085
56.29423729	11.70305085
55.69627119	10.76338983
61.76135593	17.51186441
59.71118644	15.97423729
58.08813559	14.60745763
55.69627119	12.89898305
54.41491525	11.10508475
55.44	11.95932203
54.58576271	11.44677966
55.69627119	11.36135593
56.6359322	12.21559322
56.55050847	10.59254237
57.74644068	9.652881356
56.29423729	7.090169492
57.23389831	8.371525424
55.95254237	8.200677966
56.97762712	9.823728814
56.80677966	11.87389831
54.07322034	10.84881356
55.18372881	13.9240678
54.32949153	12.72813559
53.98779661	12.21559322
54.50033898	11.70305085
53.90237288	11.01966102
55.01288136	14.00949153
53.64610169	13.49694915
54.41491525	15.29084746
54.8420339	15.29084746
53.98779661	17.85355932
54.50033898	16.74305085
52.70644068	12.47186441
53.47525424	14.09491525
53.47525424	14.69288136
53.81694915	17.08474576
52.53559322	17.25559322
52.96271186	18.10983051
52.79186441	18.02440678
52.53559322	18.62237288
53.81694915	0
52.79186441	0
52.10847458	0
51.85220339	0
51.51050847	0
51.16881356	0
52.27932203	0
53.21898305	0
52.62101695	0
53.30440678	0
51.85220339	0
51.76677966	0
53.47525424	0
51.68135593	0
52.87728814	0
52.02305085	0
52.19389831	0
52.10847458	0
52.02305085	0
52.53559322	0
50.65627119	0
52.27932203	0
50.57084746	0
49.71661017	0
49.03322034	18.02440678
47.83728814	17.51186441
46.89762712	17.85355932
45.70169492	15.97423729
47.49559322	17.68271186
46.5559322	15.88881356
46.04338983	15.7179661
46.64135593	14.69288136
45.18915254	13.06983051
47.15389831	13.15525424
48.09355932	12.04474576
48.69152542	11.53220339
46.72677966	9.823728814
46.29966102	9.396610169
47.58101695	9.994576271
45.61627119	7.517288136
47.58101695	8.200677966
46.64135593	6.748474576
47.49559322	9.140338983
46.72677966	7.431864407
47.58101695	8.713220339
46.98305085	8.200677966
46.98305085	7.602711864
46.98305085	7.773559322
45.36	6.065084746
46.98305085	8.200677966
45.53084746	6.833898305
46.81220339	7.688135593
46.81220339	7.431864407
45.44542373	7.517288136
47.06847458	9.738305085
45.78711864	8.200677966
46.12881356	8.713220339
46.12881356	8.029830508
46.98305085	9.140338983
46.29966102	9.396610169
46.81220339	9.140338983
46.47050847	9.311186441
45.78711864	8.371525424
46.12881356	8.798644068
46.98305085	11.10508475
45.87254237	11.10508475
46.21423729	11.01966102
45.87254237	9.567457627
47.06847458	11.70305085
49.11864407	10.76338983
49.54576271	8.456949153
49.63118644	8.456949153
49.37491525	7.773559322
49.28949153	8.371525424
50.74169492	10.08
48.43525424	9.396610169
49.11864407	8.884067797
49.8020339	10.33627119
48.00813559	8.62779661
49.2040678	9.909152542
48.17898305	7.602711864
48.00813559	6.919322034
48.09355932	8.200677966
47.23932203	7.261016949
47.58101695	7.94440678
48.43525424	9.994576271
47.49559322	9.054915254
48.17898305	10.6779661
47.49559322	11.19050847
48.00813559	12.30101695
48.34983051	14.00949153
47.41016949	14.60745763
47.92271186	15.7179661
48.86237288	17.93898305
48.86237288	18.28067797
49.97288136	21.01423729
48.86237288	0
48.34983051	0
49.54576271	0
48.09355932	0
47.41016949	0
47.58101695	0
46.89762712	0
46.98305085	0
47.06847458	0
46.47050847	0
47.06847458	0
46.5559322	0
46.29966102	0
47.15389831	0
46.12881356	0
46.81220339	0
46.21423729	0
46.5559322	0
48.09355932	0
49.11864407	0
50.48542373	0
50.57084746	0
51.51050847	0
53.04813559	0
51.51050847	5.723389831
51.25423729	6.577627119
52.02305085	7.431864407
54.41491525	5.808813559
61.84677966	10.16542373
65.09288136	8.969491525
66.03254237	5.979661017
70.04745763	5.808813559
69.3640678	3.58779661
73.54983051	3.844067797
73.12271186	3.58779661
75.94169492	3.758644068
76.02711864	3.673220339
79.4440678	3.246101695
80.72542373	3.331525424
79.10237288	3.929491525
80.29830508	2.733559322
80.38372881	3.502372881
80.98169492	2.90440678
82.00677966	2.562711864
82.26305085	4.271186441
83.20271186	3.502372881
84.99661017	5.979661017
83.62983051	8.542372881
82.34847458	8.969491525
82.51932203	11.36135593
83.80067797	7.688135593
82.94644068	5.210847458
86.96135593	8.029830508
86.70508475	8.115254237
88.15728814	8.456949153
88.15728814	9.396610169
88.66983051	8.115254237
88.84067797	8.713220339
87.73016949	7.94440678
88.84067797	8.371525424
91.57423729	9.482033898
89.69491525	8.200677966
91.14711864	9.482033898
90.29288136	8.371525424
86.96135593	7.602711864
85.85084746	9.396610169
86.2779661	9.652881356
87.73016949	12.04474576
88.92610169	10.6779661
89.5240678	9.140338983
89.95118644	8.286101695
87.38847458	5.723389831
87.81559322	7.431864407
88.07186441	7.602711864
86.8759322	6.235932203
86.96135593	6.663050847
84.14237288	5.808813559
82.43389831	6.065084746
83.45898305	7.431864407
80.89627119	8.200677966
80.81084746	6.321355932
79.95661017	7.004745763
78.16271186	6.49220339
76.88135593	8.200677966
74.91661017	10.6779661
73.29355932	12.13016949
70.90169492	14.26576271
68.08271186	8.200677966
67.48474576	10.6779661
65.60542373	12.98440678
60.99254237	16.3159322
59.79661017	17.34101695
57.14847458	15.03457627
55.78169492	13.15525424
55.18372881	15.54711864
53.13355932	16.48677966
52.36474576	0
50.65627119	0
51.25423729	0
51.85220339	0
51.25423729	0
50.31457627	0
50.65627119	0
49.28949153	0
49.54576271	0
49.63118644	0
49.03322034	0
50.05830508	0
48.52067797	0
49.03322034	0
49.28949153	0
48.34983051	0
49.97288136	0
50.74169492	0
51.93762712	0
52.02305085	0
52.36474576	0
53.04813559	0
53.21898305	0
51.33966102	0
51.51050847	12.04474576
52.36474576	12.38644068
50.91254237	8.798644068
56.46508475	8.542372881
59.96745763	5.637966102
63.38440678	5.637966102
66.03254237	5.296271186
67.91186441	3.331525424
70.13288136	4.185762712
73.12271186	5.979661017
82.26305085	13.75322034
85.42372881	16.05966102
82.09220339	11.95932203
83.71525424	11.44677966
84.05694915	9.482033898
81.92135593	7.602711864
84.05694915	9.140338983
84.14237288	8.286101695
89.78033898	12.72813559
89.60949153	10.6779661
89.86576271	10.16542373
87.90101695	10.59254237
88.49898305	14.00949153
83.28813559	10.33627119
86.02169492	13.32610169
83.45898305	10.84881356
84.14237288	9.225762712
91.74508475	15.29084746
89.95118644	11.53220339
90.1220339	11.44677966
91.14711864	12.38644068
92.00135593	10.6779661
91.48881356	9.140338983
92.51389831	8.456949153
94.99118644	9.738305085
93.79525424	7.688135593
97.38305085	12.47186441
95.1620339	10.76338983
99.09152542	15.29084746
95.07661017	11.53220339
94.47864407	11.44677966
96.52881356	14.5220339
96.52881356	15.20542373
97.63932203	15.46169492
95.1620339	12.21559322
95.07661017	9.652881356
96.78508475	9.652881356
93.28271186	6.065084746
92.08677966	6.748474576
96.78508475	13.66779661
94.64949153	11.36135593
93.62440678	11.70305085
90.03661017	9.909152542
88.49898305	10.25084746
87.38847458	9.909152542
86.61966102	9.311186441
87.13220339	9.652881356
84.31322034	8.029830508
86.96135593	12.55728814
84.39864407	14.35118644
82.09220339	17.85355932
82.86101695	18.9640678
78.84610169	15.63254237
75.42915254	14.35118644
73.72067797	14.60745763
69.10779661	10.50711864
65.60542373	12.89898305
62.35932203	10.50711864
60.90711864	9.909152542
59.71118644	11.53220339
58.00271186	11.61762712
54.50033898	10.25084746
54.92745763	0
54.58576271	0
54.8420339	0
54.75661017	0
54.2440678	0
53.64610169	0
54.92745763	0
54.2440678	0
54.92745763	0
52.96271186	0
51.93762712	0
52.70644068	0
51.25423729	0
52.02305085	0
52.70644068	0
52.96271186	0
54.41491525	0
55.09830508	0
54.75661017	0
54.92745763	0
56.72135593	0
56.6359322	0
57.91728814	0
59.02779661	0
57.06305085	10.59254237
56.97762712	11.78847458
57.49016949	12.13016949
59.79661017	8.884067797
62.53016949	8.115254237
67.48474576	8.798644068
68.42440678	5.894237288
70.90169492	5.637966102
80.12745763	17.25559322
79.61491525	16.99932203
81.40881356	15.54711864
81.15254237	16.05966102
81.66508475	14.69288136
83.88610169	12.89898305
85.25288136	11.61762712
83.45898305	9.567457627
83.62983051	7.94440678
86.70508475	11.2759322
91.83050847	15.29084746
87.98644068	10.6779661
92.77016949	11.70305085
91.40338983	10.76338983
89.09694915	13.58237288
89.78033898	14.94915254
88.58440678	15.63254237
86.96135593	13.41152542
90.29288136	12.30101695
89.78033898	10.33627119
94.5640678	13.15525424
96.78508475	16.14508475
95.84542373	13.66779661
96.01627119	14.09491525
97.29762712	13.41152542
96.87050847	13.75322034
97.12677966	14.35118644
97.81016949	15.46169492
97.72474576	14.09491525
99.86033898	15.46169492
98.83525424	15.97423729
99.34779661	15.63254237
100.2874576	16.40135593
99.77491525	16.3159322
102.0813559	18.79322034
102.2522034	17.68271186
99.51864407	15.97423729
99.86033898	14.60745763
100.6291525	16.74305085
99.51864407	15.20542373
97.04135593	15.46169492
96.69966102	15.80338983
97.63932203	13.49694915
94.47864407	12.13016949
92.59932203	13.32610169
91.9159322	14.26576271
91.65966102	14.43661017
85.68	10.76338983
85.85084746	11.36135593
84.82576271	13.49694915
84.31322034	13.06983051
83.28813559	13.49694915
79.70033898	11.19050847
78.76067797	12.72813559
74.83118644	9.738305085
72.35389831	7.773559322
71.49966102	9.994576271
70.04745763	16.57220339
65.69084746	17.59728814
59.79661017	17.34101695
58.00271186	18.02440678
54.8420339	11.01966102
55.01288136	11.87389831
53.38983051	10.84881356
52.87728814	0
52.70644068	0
51.76677966	0
51.33966102	0
52.62101695	0
51.93762712	0
50.9979661	0
52.19389831	0
49.71661017	0
50.74169492	0
50.4	0
49.97288136	0
50.05830508	0
50.05830508	0
50.57084746	0
50.48542373	0
49.63118644	0
49.46033898	0
49.46033898	0
52.70644068	0
52.53559322	0
52.79186441	0
54.41491525	0
54.50033898	0
54.32949153	8.542372881
55.52542373	9.054915254
54.32949153	8.798644068
57.49016949	8.969491525
57.57559322	7.17559322
61.41966102	6.235932203
63.38440678	4.442033898
66.1179661	3.58779661
69.10779661	3.673220339
79.61491525	8.969491525
85.0820339	13.24067797
81.92135593	8.115254237
82.09220339	11.53220339
84.22779661	13.06983051
86.02169492	12.72813559
88.75525424	12.30101695
88.92610169	12.64271186
88.75525424	12.55728814
88.32813559	11.70305085
88.66983051	12.21559322
91.40338983	13.75322034
87.38847458	13.83864407
87.98644068	17.93898305
88.58440678	18.45152542
87.21762712	17.17016949
91.74508475	22.03932203
87.98644068	14.18033898
88.07186441	11.61762712
86.8759322	11.61762712
90.63457627	13.06983051
94.99118644	18.45152542
91.9159322	13.15525424
93.36813559	12.38644068
95.41830508	14.43661017
95.84542373	16.14508475
92.77016949	11.61762712
94.39322034	11.87389831
96.18711864	12.21559322
96.61423729	11.87389831
96.01627119	12.47186441
95.33288136	12.13016949
93.96610169	13.15525424
93.62440678	14.69288136
91.40338983	13.24067797
92.94101695	14.35118644
90.29288136	12.13016949
91.57423729	9.140338983
90.29288136	6.663050847
87.04677966	6.748474576
90.1220339	12.21559322
87.47389831	8.713220339
84.74033898	6.235932203
83.45898305	7.517288136
83.62983051	8.969491525
81.49423729	9.311186441
83.97152542	15.12
80.55457627	10.76338983
77.39389831	7.431864407
76.02711864	8.713220339
72.86644068	8.200677966
74.14779661	15.03457627
75.34372881	19.98915254
70.64542373	15.80338983
65.77627119	13.75322034
65.17830508	14.18033898
63.98237288	13.9240678
68.08271186	22.63728814
65.86169492	18.28067797
60.39457627	9.396610169
58.85694915	8.713220339
55.61084746	7.773559322
54.41491525	8.542372881
54.41491525	0
54.8420339	0
53.64610169	0
51.51050847	0
51.25423729	0
50.82711864	0
50.82711864	0
51.42508475	0
50.14372881	0
50.14372881	0
49.97288136	0
50.4	0
49.71661017	0
50.05830508	0
49.2040678	0
50.14372881	0
50.82711864	0
51.42508475	0
53.47525424	0
53.04813559	0
53.04813559	0
53.73152542	0
53.47525424	0
55.52542373	0
52.79186441	8.713220339
52.53559322	8.371525424
55.26915254	7.004745763
56.6359322	5.296271186
61.33423729	5.296271186
65.34915254	5.296271186
68.59525424	3.844067797
71.24338983	3.673220339
76.71050847	7.431864407
77.99186441	11.01966102
78.33355932	11.01966102
78.50440678	9.311186441
80.0420339	9.054915254
81.92135593	9.225762712
83.45898305	7.94440678
84.05694915	8.542372881
82.09220339	7.17559322
82.69016949	6.748474576
84.91118644	7.346440678
83.28813559	6.406779661
84.14237288	6.833898305
86.10711864	7.688135593
84.99661017	10.59254237
82.09220339	9.738305085
80.89627119	10.08
81.49423729	9.482033898
81.2379661	7.431864407
83.03186441	7.858983051
84.31322034	8.884067797
84.22779661	9.311186441
85.93627119	9.909152542
86.61966102	9.311186441
86.70508475	9.909152542
88.75525424	10.42169492
87.98644068	11.36135593
89.78033898	11.70305085
91.74508475	12.64271186
93.53898305	14.35118644
89.78033898	12.47186441
87.64474576	12.72813559
87.73016949	12.81355932
89.78033898	15.03457627
89.69491525	14.09491525
88.58440678	13.24067797
88.58440678	11.70305085
89.26779661	9.396610169
93.11186441	8.884067797
90.97627119	9.567457627
89.26779661	7.94440678
89.78033898	9.054915254
90.03661017	9.823728814
87.38847458	9.311186441
85.93627119	9.396610169
84.56949153	11.19050847
82.00677966	9.909152542
80.46915254	10.6779661
79.61491525	9.482033898
78.84610169	9.567457627
76.36881356	10.76338983
73.46440678	11.36135593
70.47457627	11.61762712
68.76610169	12.98440678
67.91186441	13.24067797
67.14305085	12.98440678
66.80135593	11.01966102
64.75118644	10.84881356
59.45491525	13.75322034
56.29423729	10.08
55.78169492	9.738305085
55.78169492	12.30101695
53.21898305	12.13016949
52.27932203	12.98440678
53.21898305	0
52.62101695	0
53.04813559	0
52.36474576	0
50.82711864	0
50.22915254	0
50.57084746	0
51.85220339	0
50.05830508	0
49.37491525	0
49.46033898	0
49.46033898	0
49.54576271	0
49.8020339	0
48.94779661	0
49.11864407	0
49.28949153	0
49.54576271	0
49.2040678	0
50.82711864	0
52.70644068	0
52.53559322	0
51.33966102	0
50.65627119	0
49.03322034	12.81355932
50.05830508	12.21559322
48.94779661	10.33627119
49.37491525	9.225762712
50.82711864	8.884067797
49.28949153	8.371525424
49.63118644	7.94440678
53.73152542	11.19050847
58.08813559	15.03457627
59.11322034	15.29084746
54.58576271	8.798644068
53.56067797	8.029830508
52.96271186	8.542372881
55.78169492	11.95932203
55.69627119	9.652881356
53.73152542	6.150508475
54.41491525	5.723389831
53.98779661	5.210847458
54.50033898	5.296271186
56.20881356	7.346440678
58.34440678	9.994576271
54.92745763	5.894237288
54.67118644	4.954576271
54.41491525	5.979661017
53.81694915	5.381694915
55.69627119	7.261016949
58.51525424	11.19050847
51.08338983	5.381694915
50.48542373	4.954576271
54.67118644	6.577627119
53.47525424	6.748474576
52.62101695	5.979661017
52.87728814	9.054915254
56.29423729	12.13016949
49.71661017	6.833898305
49.2040678	6.577627119
50.4	7.261016949
51.33966102	8.200677966
51.5959322	8.200677966
53.38983051	11.10508475
52.96271186	11.01966102
48.26440678	6.406779661
48.52067797	6.577627119
49.11864407	6.663050847
51.25423729	6.663050847
52.70644068	6.406779661
56.20881356	8.542372881
57.91728814	9.738305085
54.41491525	5.210847458
53.90237288	5.637966102
51.93762712	6.406779661
51.68135593	7.17559322
51.51050847	7.090169492
52.45016949	7.261016949
51.85220339	7.517288136
51.51050847	9.567457627
51.76677966	10.25084746
51.42508475	10.59254237
51.51050847	9.652881356
50.9979661	11.01966102
49.28949153	12.38644068
49.11864407	13.66779661
49.37491525	14.77830508
49.11864407	15.63254237
49.63118644	15.29084746
48.94779661	17.17016949
48.86237288	15.29084746
47.58101695	9.738305085
48.43525424	11.2759322
48.17898305	11.70305085
48.34983051	12.55728814
47.92271186	12.72813559
46.72677966	0
47.32474576	0
47.49559322	0
47.92271186	0
47.75186441	0
47.06847458	0
47.49559322	0
47.92271186	0
47.92271186	0
47.66644068	0
47.32474576	0
47.66644068	0
47.49559322	0
48.09355932	0
47.92271186	0
48.00813559	0
47.75186441	0
47.66644068	0
48.09355932	0
47.58101695	0
47.66644068	0
46.64135593	0
46.29966102	0
45.53084746	0
43.05355932	18.53694915
42.54101695	17.25559322
41.85762712	16.40135593
42.28474576	15.80338983
42.79728814	15.63254237
43.05355932	15.03457627
42.19932203	13.58237288
42.11389831	11.87389831
40.9179661	10.50711864
41.00338983	9.909152542
40.83254237	8.200677966
39.97830508	3.929491525
40.06372881	3.331525424
39.80745763	3.246101695
40.32	2.562711864
39.97830508	2.306440678
40.40542373	3.246101695
40.57627119	2.90440678
40.32	2.221016949
41.77220339	3.331525424
41.43050847	3.58779661
41.17423729	3.502372881
41.60135593	3.58779661
41.85762712	3.758644068
41.94305085	3.58779661
41.77220339	3.758644068
41.08881356	4.100338983
41.94305085	4.442033898
41.85762712	4.185762712
41.60135593	4.698305085
42.54101695	7.261016949
43.13898305	9.994576271
42.62644068	10.59254237
42.88271186	11.19050847
43.13898305	11.19050847
43.22440678	11.78847458
44.24949153	12.47186441
43.73694915	12.47186441
43.22440678	12.72813559
42.79728814	11.53220339
42.37016949	10.93423729
42.71186441	11.44677966
43.22440678	11.70305085
43.48067797	10.84881356
42.45559322	9.396610169
43.48067797	10.42169492
44.33491525	7.517288136
46.04338983	5.552542373
46.72677966	5.296271186
46.29966102	5.808813559
46.47050847	6.406779661
46.98305085	7.431864407
46.38508475	9.225762712
46.81220339	10.50711864
47.06847458	10.6779661
46.98305085	11.10508475
47.15389831	11.95932203
47.32474576	12.38644068
47.58101695	12.89898305
47.41016949	13.41152542
46.89762712	14.35118644
46.5559322	13.58237288
46.5559322	13.49694915
46.29966102	14.60745763
46.98305085	15.97423729
46.98305085	18.36610169
46.98305085	17.08474576
46.72677966	16.65762712
46.12881356	16.14508475
46.47050847	17.42644068
47.32474576	19.39118644
46.38508475	19.64745763
46.5559322	0
46.47050847	0
46.29966102	0
46.38508475	0
46.29966102	0
45.61627119	0
45.9579661	0
46.04338983	0
45.78711864	0
45.9579661	0
45.61627119	0
45.9579661	0
45.87254237	0
46.04338983	0
45.36	0
45.53084746	0
45.44542373	0
47.49559322	0
47.15389831	0
48.86237288	0
47.49559322	0
47.49559322	0
49.03322034	0
49.97288136	0
48.26440678	5.381694915
48.17898305	4.869152542
51.68135593	2.562711864
53.73152542	1.281355932
57.83186441	0.597966102
63.04271186	1.195932203
65.94711864	1.793898305
68.59525424	0.341694915
73.54983051	1.879322034
82.09220339	13.32610169
85.68	14.18033898
85.50915254	12.81355932
81.66508475	6.919322034
85.68	8.115254237
86.61966102	7.858983051
88.07186441	7.858983051
88.24271186	8.371525424
86.96135593	6.919322034
88.66983051	7.517288136
89.60949153	6.663050847
93.70983051	8.713220339
93.28271186	8.713220339
91.57423729	9.396610169
89.43864407	7.94440678
89.69491525	9.482033898
89.5240678	8.798644068
90.29288136	7.688135593
96.61423729	11.61762712
96.52881356	11.61762712
97.21220339	10.93423729
99.6040678	12.38644068
100.3728814	11.2759322
103.2772881	13.58237288
103.1918644	15.20542373
100.5437288	12.72813559
98.49355932	10.76338983
101.4833898	12.72813559
100.0311864	13.49694915
102.2522034	13.66779661
102.2522034	14.60745763
99.09152542	13.66779661
100.5437288	16.65762712
98.83525424	17.59728814
101.3125424	21.86847458
99.94576271	22.89355932
97.72474576	22.12474576
100.3728814	17.76813559
98.92067797	13.83864407
97.55389831	13.06983051
96.61423729	14.35118644
95.84542373	13.9240678
94.64949153	12.81355932
93.19728814	13.58237288
91.3179661	13.75322034
91.3179661	14.09491525
90.37830508	13.32610169
92.25762712	12.98440678
91.23254237	12.98440678
84.91118644	12.04474576
82.60474576	14.18033898
80.29830508	16.74305085
79.78576271	18.70779661
78.76067797	20.33084746
77.47932203	17.25559322
76.11254237	14.69288136
72.61016949	15.20542373
65.00745763	16.57220339
61.93220339	13.58237288
58.77152542	11.44677966
56.29423729	11.01966102
