0
0
0
0
0
0
0
0
0
0
0
0
0
0
0
0
0
0
0
0
0
0
0
0
0.036
0.036
0.036
0.036
0.167
0.167
0.167
0.167
0.395
0.395
0.395
0.395
0.455
0.455
0.455
0.455
0.83
0.83
0.83
0.83
0.702
0.702
0.702
0.702
0.545
0.545
0.545
0.545
0.64
0.64
0.64
0.64
0.481
0.481
0.481
0.481
0.389
0.389
0.389
0.389
0.162
0.162
0.162
0.162
0.041
0.041
0.041
0.041
0
0
0
0
0
0
0
0
0
0
0
0
0
0
0
0
0
0
0
0
0
0
0
0
0
0
0
0
0
0
0
0
0
0
0
0
0
0
0
0
0
0
0
0
0
0
0
0
0.038
0.038
0.038
0.038
0.192
0.192
0.192
0.192
0.369
0.369
0.369
0.369
0.658
0.658
0.658
0.658
0.604
0.604
0.604
0.604
0.873
0.873
0.873
0.873
0.717
0.717
0.717
0.717
0.801
0.801
0.801
0.801
0.65
0.65
0.65
0.65
0.363
0.363
0.363
0.363
0.216
0.216
0.216
0.216
0.044
0.044
0.044
0.044
0
0
0
0
0
0
0
0
0
0
0
0
0
0
0
0
0
0
0
0
0
0
0
0
0
0
0
0
0
0
0
0
0
0
0
0
0
0
0
0
0
0
0
0
0
0
0
0
0.03
0.03
0.03
0.03
0.095
0.095
0.095
0.095
0.284
0.284
0.284
0.284
0.581
0.581
0.581
0.581
0.739
0.739
0.739
0.739
0.477
0.477
0.477
0.477
0.33
0.33
0.33
0.33
0.762
0.762
0.762
0.762
0.508
0.508
0.508
0.508
0.133
0.133
0.133
0.133
0.063
0.063
0.063
0.063
0.034
0.034
0.034
0.034
0
0
0
0
0
0
0
0
0
0
0
0
0
0
0
0
0
0
0
0
0
0
0
0
0
0
0
0
0
0
0
0
0
0
0
0
0
0
0
0
0
0
0
0
0
0
0
0
0.043
0.043
0.043
0.043
0.251
0.251
0.251
0.251
0.457
0.457
0.457
0.457
0.555
0.555
0.555
0.555
0.777
0.777
0.777
0.777
0.925
0.925
0.925
0.925
0.805
0.805
0.805
0.805
0.662
0.662
0.662
0.662
0.527
0.527
0.527
0.527
0.347
0.347
0.347
0.347
0.205
0.205
0.205
0.205
0.05
0.05
0.05
0.05
0
0
0
0
0
0
0
0
0
0
0
0
0
0
0
0
0
0
0
0
0
0
0
0
0
0
0
0
0
0
0
0
0
0
0
0
0
0
0
0
0
0
0
0
0
0
0
0
0.023
0.023
0.023
0.023
0.024
0.024
0.024
0.024
0.183
0.183
0.183
0.183
0.106
0.106
0.106
0.106
0.443
0.443
0.443
0.443
0.286
0.286
0.286
0.286
0.362
0.362
0.362
0.362
0.624
0.624
0.624
0.624
0.493
0.493
0.493
0.493
0.336
0.336
0.336
0.336
0.085
0.085
0.085
0.085
0.028
0.028
0.028
0.028
0
0
0
0
0
0
0
0
0
0
0
0
0
0
0
0
0
0
0
0
0
0
0
0
0
0
0
0
0
0
0
0
0
0
0
0
0
0
0
0
0
0
0
0
0
0
0
0
0.026
0.026
0.026
0.026
0.144
0.144
0.144
0.144
0.264
0.264
0.264
0.264
0.51
0.51
0.51
0.51
0.29
0.29
0.29
0.29
0.52
0.52
0.52
0.52
0.501
0.501
0.501
0.501
0.4
0.4
0.4
0.4
0.227
0.227
0.227
0.227
0.237
0.237
0.237
0.237
0.068
0.068
0.068
0.068
0.029
0.029
0.029
0.029
0
0
0
0
0
0
0
0
0
0
0
0
0
0
0
0
0
0
0
0
0
0
0
0
0
0
0
0
0
0
0
0
0
0
0
0
0
0
0
0
0
0
0
0
0
0
0
0
0.041
0.041
0.041
0.041
0.159
0.159
0.159
0.159
0.323
0.323
0.323
0.323
0.593
0.593
0.593
0.593
0.628
0.628
0.628
0.628
0.734
0.734
0.734
0.734
0.661
0.661
0.661
0.661
0.766
0.766
0.766
0.766
0.409
0.409
0.409
0.409
0.42
0.42
0.42
0.42
0.25
0.25
0.25
0.25
0.047
0.047
0.047
0.047
0
0
0
0
0
0
0
0
0
0
0
0
0
0
0
0
0
0
0
0
0
0
0
0
0
0
0
0
0
0
0
0
0
0
0
0
0
0
0
0
0
0
0
0
0
0
0
0
0.041
0.041
0.041
0.041
0.255
0.255
0.255
0.255
0.382
0.382
0.382
0.382
0.622
0.622
0.622
0.622
0.649
0.649
0.649
0.649
0.735
0.735
0.735
0.735
0.703
0.703
0.703
0.703
0.553
0.553
0.553
0.553
0.398
0.398
0.398
0.398
0.48
0.48
0.48
0.48
0.187
0.187
0.187
0.187
0.046
0.046
0.046
0.046
0
0
0
0
0
0
0
0
0
0
0
0
0
0
0
0
0
0
0
0
0
0
0
0
0
0
0
0
0
0
0
0
0
0
0
0
0
0
0
0
0
0
0
0
0
0
0
0
0.047
0.047
0.047
0.047
0.223
0.223
0.223
0.223
0.428
0.428
0.428
0.428
0.637
0.637
0.637
0.637
0.603
0.603
0.603
0.603
0.924
0.924
0.924
0.924
0.87
0.87
0.87
0.87
0.746
0.746
0.746
0.746
0.576
0.576
0.576
0.576
0.331
0.331
0.331
0.331
0.175
0.175
0.175
0.175
0.055
0.055
0.055
0.055
0
0
0
0
0
0
0
0
0
0
0
0
0
0
0
0
0
0
0
0
0
0
0
0
0
0
0
0
0
0
0
0
0
0
0
0
0
0
0
0
0
0
0
0
0
0
0
0
0.018
0.018
0.018
0.018
0.023
0.023
0.023
0.023
0.183
0.183
0.183
0.183
0.248
0.248
0.248
0.248
0.346
0.346
0.346
0.346
0.367
0.367
0.367
0.367
0.277
0.277
0.277
0.277
0.295
0.295
0.295
0.295
0.249
0.249
0.249
0.249
0.195
0.195
0.195
0.195
0.057
0.057
0.057
0.057
0.021
0.021
0.021
0.021
0
0
0
0
0
0
0
0
0
0
0
0
0
0
0
0
0
0
0
0
0
0
0
0
0
0
0
0
0
0
0
0
0
0
0
0
0
0
0
0
0
0
0
0
0
0
0
0
0.013
0.013
0.013
0.013
0.005
0.005
0.005
0.005
0.06
0.06
0.06
0.06
0.215
0.215
0.215
0.215
0.204
0.204
0.204
0.204
0.097
0.097
0.097
0.097
0.091
0.091
0.091
0.091
0.315
0.315
0.315
0.315
0.259
0.259
0.259
0.259
0.152
0.152
0.152
0.152
0.081
0.081
0.081
0.081
0.014
0.014
0.014
0.014
0
0
0
0
0
0
0
0
0
0
0
0
0
0
0
0
0
0
0
0
0
0
0
0
0
0
0
0
0
0
0
0
0
0
0
0
0
0
0
0
0
0
0
0
0
0
0
0
0.025
0.025
0.025
0.025
0.132
0.132
0.132
0.132
0.28
0.28
0.28
0.28
0.224
0.224
0.224
0.224
0.363
0.363
0.363
0.363
0.253
0.253
0.253
0.253
0.597
0.597
0.597
0.597
0.219
0.219
0.219
0.219
0.227
0.227
0.227
0.227
0.208
0.208
0.208
0.208
0.168
0.168
0.168
0.168
0.027
0.027
0.027
0.027
0
0
0
0
0
0
0
0
0
0
0
0
0
0
0
0
0
0
0
0
0
0
0
0
0
0
0
0
0
0
0
0
0
0
0
0
0
0
0
0
0
0
0
0
0
0
0
0
0.03
0.03
0.03
0.03
0.099
0.099
0.099
0.099
0.276
0.276
0.276
0.276
0.347
0.347
0.347
0.347
0.335
0.335
0.335
0.335
0.731
0.731
0.731
0.731
0.633
0.633
0.633
0.633
0.415
0.415
0.415
0.415
0.207
0.207
0.207
0.207
0.137
0.137
0.137
0.137
0.147
0.147
0.147
0.147
0.036
0.036
0.036
0.036
0
0
0
0
0
0
0
0
0
0
0
0
0
0
0
0
0
0
0
0
0
0
0
0
0
0
0
0
0
0
0
0
0
0
0
0
0
0
0
0
0
0
0
0
0
0
0
0
0.024
0.024
0.024
0.024
0.097
0.097
0.097
0.097
0.107
0.107
0.107
0.107
0.182
0.182
0.182
0.182
0.576
0.576
0.576
0.576
0.488
0.488
0.488
0.488
0.416
0.416
0.416
0.416
0.295
0.295
0.295
0.295
0.283
0.283
0.283
0.283
0.189
0.189
0.189
0.189
0.023
0.023
0.023
0.023
0.028
0.028
0.028
0.028
0
0
0
0
0
0
0
0
0
0
0
0
0
0
0
0
0
0
0
0
0
0
0
0
0
0
0
0
0
0
0
0
0
0
0
0
0
0
0
0
0
0
0
0
0
0
0
0
0.034
0.034
0.034
0.034
0.114
0.114
0.114
0.114
0.11
0.11
0.11
0.11
0.253
0.253
0.253
0.253
0.339
0.339
0.339
0.339
0.396
0.396
0.396
0.396
0.677
0.677
0.677
0.677
0.706
0.706
0.706
0.706
0.262
0.262
0.262
0.262
0.267
0.267
0.267
0.267
0.237
0.237
0.237
0.237
0.039
0.039
0.039
0.039
0
0
0
0
0
0
0
0
0
0
0
0
0
0
0
0
0
0
0
0
0
0
0
0
0
0
0
0
0
0
0
0
0
0
0
0
0
0
0
0
0
0
0
0
0
0
0
0
0.032
0.032
0.032
0.032
0.194
0.194
0.194
0.194
0.205
0.205
0.205
0.205
0.206
0.206
0.206
0.206
0.602
0.602
0.602
0.602
0.179
0.179
0.179
0.179
0.611
0.611
0.611
0.611
0.385
0.385
0.385
0.385
0.366
0.366
0.366
0.366
0.372
0.372
0.372
0.372
0.084
0.084
0.084
0.084
0.036
0.036
0.036
0.036
0
0
0
0
0
0
0
0
0
0
0
0
0
0
0
0
0
0
0
0
0
0
0
0
0
0
0
0
0
0
0
0
0
0
0
0
0
0
0
0
0
0
0
0
0
0
0
0
0.055
0.055
0.055
0.055
0.242
0.242
0.242
0.242
0.457
0.457
0.457
0.457
0.409
0.409
0.409
0.409
0.866
0.866
0.866
0.866
0.804
0.804
0.804
0.804
0.796
0.796
0.796
0.796
0.508
0.508
0.508
0.508
0.696
0.696
0.696
0.696
0.327
0.327
0.327
0.327
0.183
0.183
0.183
0.183
0.062
0.062
0.062
0.062
0
0
0
0
0
0
0
0
0
0
0
0
0
0
0
0
0
0
0
0
0
0
0
0
0
0
0
0
0
0
0
0
0
0
0
0
0
0
0
0
0
0
0
0
0
0
0
0
0.024
0.024
0.024
0.024
0.04
0.04
0.04
0.04
0.283
0.283
0.283
0.283
0.301
0.301
0.301
0.301
0.108
0.108
0.108
0.108
0.402
0.402
0.402
0.402
0.47
0.47
0.47
0.47
0.406
0.406
0.406
0.406
0.334
0.334
0.334
0.334
0.117
0.117
0.117
0.117
0.025
0.025
0.025
0.025
0.028
0.028
0.028
0.028
0
0
0
0
0
0
0
0
0
0
0
0
0
0
0
0
0
0
0
0
0
0
0
0
0
0
0
0
0
0
0
0
0
0
0
0
0
0
0
0
0
0
0
0
0
0
0
0
0.066
0.066
0.066
0.066
0.257
0.257
0.257
0.257
0.479
0.479
0.479
0.479
0.628
0.628
0.628
0.628
0.781
0.781
0.781
0.781
0.832
0.832
0.832
0.832
0.942
0.942
0.942
0.942
0.785
0.785
0.785
0.785
0.7
0.7
0.7
0.7
0.411
0.411
0.411
0.411
0.254
0.254
0.254
0.254
0.075
0.075
0.075
0.075
0
0
0
0
0
0
0
0
0
0
0
0
0
0
0
0
0
0
0
0
0
0
0
0
0
0
0
0
0
0
0
0
0
0
0
0
0
0
0
0
0
0
0
0
0
0
0
0
0.042
0.042
0.042
0.042
0.22
0.22
0.22
0.22
0.421
0.421
0.421
0.421
0.436
0.436
0.436
0.436
0.471
0.471
0.471
0.471
0.339
0.339
0.339
0.339
0.536
0.536
0.536
0.536
0.725
0.725
0.725
0.725
0.292
0.292
0.292
0.292
0.261
0.261
0.261
0.261
0.193
0.193
0.193
0.193
0.041
0.041
0.041
0.041
0
0
0
0
0
0
0
0
0
0
0
0
0
0
0
0
0
0
0
0
0
0
0
0
0
0
0
0
0
0
0
0
0
0
0
0
0
0
0
0
0
0
0
0
0
0
0
0
0.06
0.06
0.06
0.06
0.232
0.232
0.232
0.232
0.485
0.485
0.485
0.485
0.646
0.646
0.646
0.646
0.84
0.84
0.84
0.84
0.928
0.928
0.928
0.928
0.511
0.511
0.511
0.511
0.551
0.551
0.551
0.551
0.357
0.357
0.357
0.357
0.366
0.366
0.366
0.366
0.128
0.128
0.128
0.128
0.04
0.04
0.04
0.04
0
0
0
0
0
0
0
0
0
0
0
0
0
0
0
0
0
0
0
0
0
0
0
0
0
0
0
0
0
0
0
0
0
0
0
0
0
0
0
0
0
0
0
0
0
0
0
0
0.059
0.059
0.059
0.059
0.226
0.226
0.226
0.226
0.241
0.241
0.241
0.241
0.65
0.65
0.65
0.65
0.682
0.682
0.682
0.682
0.977
0.977
0.977
0.977
0.662
0.662
0.662
0.662
0.547
0.547
0.547
0.547
0.389
0.389
0.389
0.389
0.403
0.403
0.403
0.403
0.295
0.295
0.295
0.295
0.085
0.085
0.085
0.085
0
0
0
0
0
0
0
0
0
0
0
0
0
0
0
0
0
0
0
0
0
0
0
0
0
0
0
0
0
0
0
0
0
0
0
0
0
0
0
0
0
0
0
0
0
0
0
0
0.03
0.03
0.03
0.03
0.052
0.052
0.052
0.052
0.344
0.344
0.344
0.344
0.265
0.265
0.265
0.265
0.292
0.292
0.292
0.292
0.122
0.122
0.122
0.122
0.149
0.149
0.149
0.149
0.384
0.384
0.384
0.384
0.4
0.4
0.4
0.4
0.35
0.35
0.35
0.35
0.065
0.065
0.065
0.065
0.014
0.014
0.014
0.014
0
0
0
0
0
0
0
0
0
0
0
0
0
0
0
0
0
0
0
0
0
0
0
0
0
0
0
0
0
0
0
0
0
0
0
0
0
0
0
0
0
0
0
0
0
0
0
0
0.082
0.082
0.082
0.082
0.285
0.285
0.285
0.285
0.276
0.276
0.276
0.276
0.266
0.266
0.266
0.266
0.479
0.479
0.479
0.479
0.4
0.4
0.4
0.4
0.524
0.524
0.524
0.524
0.547
0.547
0.547
0.547
0.491
0.491
0.491
0.491
0.438
0.438
0.438
0.438
0.251
0.251
0.251
0.251
0.039
0.039
0.039
0.039
0
0
0
0
0
0
0
0
0
0
0
0
0
0
0
0
0
0
0
0
0
0
0
0
0
0
0
0
0
0
0
0
0
0
0
0
0
0
0
0
0
0
0
0
0
0
0
0
0.02
0.02
0.02
0.02
0.174
0.174
0.174
0.174
0.449
0.449
0.449
0.449
0.52
0.52
0.52
0.52
0.293
0.293
0.293
0.293
0.472
0.472
0.472
0.472
0.539
0.539
0.539
0.539
0.302
0.302
0.302
0.302
0.559
0.559
0.559
0.559
0.398
0.398
0.398
0.398
0.095
0.095
0.095
0.095
0.034
0.034
0.034
0.034
0
0
0
0
0
0
0
0
0
0
0
0
0
0
0
0
0
0
0
0
0
0
0
0
0
0
0
0
0
0
0
0
0
0
0
0
0
0
0
0
0
0
0
0
0
0
0
0
0.075
0.075
0.075
0.075
0.284
0.284
0.284
0.284
0.365
0.365
0.365
0.365
0.571
0.571
0.571
0.571
0.701
0.701
0.701
0.701
0.632
0.632
0.632
0.632
0.681
0.681
0.681
0.681
0.87
0.87
0.87
0.87
0.716
0.716
0.716
0.716
0.357
0.357
0.357
0.357
0.311
0.311
0.311
0.311
0.084
0.084
0.084
0.084
0
0
0
0
0
0
0
0
0
0
0
0
0
0
0
0
0
0
0
0
0
0
0
0
0
0
0
0
0
0
0
0
0
0
0
0
0
0
0
0
0
0
0
0
0
0
0
0
0.062
0.062
0.062
0.062
0.223
0.223
0.223
0.223
0.541
0.541
0.541
0.541
0.735
0.735
0.735
0.735
0.846
0.846
0.846
0.846
0.959
0.959
0.959
0.959
0.843
0.843
0.843
0.843
0.823
0.823
0.823
0.823
0.566
0.566
0.566
0.566
0.521
0.521
0.521
0.521
0.307
0.307
0.307
0.307
0.08
0.08
0.08
0.08
0
0
0
0
0
0
0
0
0
0
0
0
0
0
0
0
0
0
0
0
0
0
0
0
0
0
0
0
0
0
0
0
0
0
0
0
0
0
0
0
0
0
0
0
0
0
0
0
0.021
0.021
0.021
0.021
0.217
0.217
0.217
0.217
0.077
0.077
0.077
0.077
0.411
0.411
0.411
0.411
0.087
0.087
0.087
0.087
0.58
0.58
0.58
0.58
0.651
0.651
0.651
0.651
0.103
0.103
0.103
0.103
0.163
0.163
0.163
0.163
0.187
0.187
0.187
0.187
0.118
0.118
0.118
0.118
0.044
0.044
0.044
0.044
0
0
0
0
0
0
0
0
0
0
0
0
0
0
0
0
0
0
0
0
0
0
0
0
0
0
0
0
0
0
0
0
0
0
0
0
0
0
0
0
0
0
0
0
0
0
0
0
0.024
0.024
0.024
0.024
0.05
0.05
0.05
0.05
0.186
0.186
0.186
0.186
0.233
0.233
0.233
0.233
0.063
0.063
0.063
0.063
0.229
0.229
0.229
0.229
0.383
0.383
0.383
0.383
0.043
0.043
0.043
0.043
0.12
0.12
0.12
0.12
0.119
0.119
0.119
0.119
0.124
0.124
0.124
0.124
0.025
0.025
0.025
0.025
0
0
0
0
0
0
0
0
0
0
0
0
0
0
0
0
0
0
0
0
0
0
0
0
0
0
0
0
0
0
0
0
0
0
0
0
0
0
0
0
0
0
0
0
0
0
0
0
0.104
0.104
0.104
0.104
0.251
0.251
0.251
0.251
0.399
0.399
0.399
0.399
0.492
0.492
0.492
0.492
0.503
0.503
0.503
0.503
0.98
0.98
0.98
0.98
0.578
0.578
0.578
0.578
0.857
0.857
0.857
0.857
0.53
0.53
0.53
0.53
0.411
0.411
0.411
0.411
0.314
0.314
0.314
0.314
0.111
0.111
0.111
0.111
0
0
0
0
0
0
0
0
0
0
0
0
0
0
0
0
0
0
0
0
0
0
0
0
